Sierpinski Triangle {
   0.500000  0.000000  0.000000  0.500000  0.000000  0.000000  0.333333
   0.500000  0.000000  0.000000  0.500000  0.500000  0.000000  0.333333
   0.500000  0.000000  0.000000  0.500000  0.250000  0.433013  0.333333
}

Modified Sierpinski Triangle {
   0.333333  0.000000  0.000000  0.333333  0.000000  0.000000  0.166667
   0.333333  0.000000  0.000000  0.333333  0.333333  0.000000  0.166667
   0.333333  0.000000  0.000000  0.333333  0.666667  0.000000  0.166667
   0.333333  0.000000  0.000000  0.333333  0.166667  0.288675  0.166667
   0.333333  0.000000  0.000000  0.333333  0.500000  0.288675  0.166667
   0.333333  0.000000  0.000000  0.333333  0.333333  0.577350  0.166667
}

Triangle with 2 rotations {
   0.333333  0.000000  0.000000  0.333333  0.000000  0.000000  0.200000
   0.333333  0.000000  0.000000  0.333333  0.666667  0.000000  0.200000
  -0.166667 -0.288675  0.288675 -0.166667  0.500000  0.291282  0.200000
  -0.166667  0.288675 -0.288675 -0.166667  0.666667  0.577350  0.200000
   0.333333  0.000000  0.000000  0.333333  0.333333  0.577350  0.200000
}

4 row triangle fractal {
   0.250000  0.000000  0.000000  0.250000  0.000000  0.000000  0.090909
   0.250000  0.000000  0.000000  0.250000  0.250000  0.000000  0.090909
  -0.250000  0.000000  0.000000 -0.250000  0.625000  0.216506  0.090909
   0.250000  0.000000  0.000000  0.250000  0.500000  0.000000  0.090909
   0.250000  0.000000  0.000000  0.250000  0.750000  0.000000  0.090909
   0.250000  0.000000  0.000000  0.250000  0.125000  0.216506  0.090909
  -0.250000  0.000000  0.000000 -0.250000  0.500000  0.433013  0.090909
  -0.250000  0.000000  0.000000 -0.250000  0.750000  0.433013  0.090909
   0.250000  0.000000  0.000000  0.250000  0.625000  0.216506  0.090909
  -0.250000  0.000000  0.000000 -0.250000  0.625000  0.649519  0.090909
   0.250000  0.000000  0.000000  0.250000  0.375000  0.649519  0.090909
}

Reflective Symmetry {
  -0.250000 -0.433013  0.433013 -0.250000  0.500000  0.000000  0.333333
  -0.500000  0.000000  0.000000 -0.500000  0.750000  0.433013  0.333333
   0.250000  0.433013  0.433013 -0.250000  0.500000  0.000000  0.333333
}

Reflective Symmetry 2 {
  -0.250000  0.433013 -0.433013 -0.250000  0.250000  0.433013  0.333333
  -0.500000  0.000000  0.000000 -0.500000  0.750000  0.433013  0.333333
  -0.250000 -0.433013  0.433013 -0.250000  1.000000  0.000000  0.333333
}

Spiral 1 {; Spiral
;Kevin Lee, Fractal Attraction
0.935567	-0.164966	0.164966	0.935567	0.000000	0.000000	0.919682
0.100000	0.000000	0.000000	0.100000	0.750000	-0.750000	0.020080
0.100000	0.000000	0.000000	0.100000	-0.750000	0.750000	0.020080
0.100000	0.000000	0.000000	0.100000	0.750000	0.750000	0.020080
0.100000	0.000000	0.000000	0.100000	-0.750000	-0.750000	0.020080
}

Crab {; Crab
;Kevin Lee, Fractal Attraction
0.500000	0.200000	0.000000	0.500000	0.000000	0.000000	0.250000
-0.500000	0.000000	0.200000	0.500000	1.000000	0.000000	0.250000
0.500000	0.200000	0.000000	-0.500000	0.000000	1.000000	0.250000
-0.500000	0.000000	-0.200000	-0.500000	1.000000	1.000000	0.250000
}

Eiffel Tower {; Eiffel Tower
;Kevin Lee, Fractal Attraction
0.500000	0.000000	0.000000	0.300000	0.000000	0.000000	0.246154
0.500000	0.000000	0.000000	0.300000	0.500000	0.000000	0.246154
0.500000	0.000000	0.000000	0.700000	0.250000	0.300000	0.507692
}

Fern {; Kevin's Fern
;Kevin Lee, Fractal Attraction
0.000000	0.000000	0.000000	0.172033	0.496139	-0.090510	0.010000
0.075906	0.312285	-0.257105	0.204233	0.494173	0.132616	0.075000
0.821130	-0.028405	0.029799	0.845280	0.087877	0.175709	0.840000
-0.023936	-0.356062	-0.323405	0.074403	0.470356	0.259738	0.075000
}

Spiral 2 {; Kevin's spiral
;Kevin Lee, Fractal Attraction
0.143268	0.372630	0.000000	0.411999	-0.424035	0.228385	0.050000
0.817528	-0.472000	0.472000	0.817528	-0.060000	0.051538	0.950000
}

Leaf {;Maple Leaf
;Kevin Lee, Fractal Attraction
0.500000	0.000000	0.000000	0.759127	0.000000	0.542236	0.423635
0.001000	0.000000	0.000000	0.272000	0.000000	0.000000	0.050000
0.437567	0.397819	-0.086824	0.492404	-0.001575	0.428276	0.263000
-0.437567	-0.397819	-0.086824	0.492404	-0.003556	0.434301	0.263000
}

Tree {; My Tree
;Kevin Lee, Fractal Attraction
0.458805	-0.225654	0.072682	0.601870	-0.001772	0.319478	0.310000
0.342683	0.375610	-0.203368	0.546420	-0.022095	0.329764	0.200000
0.135817	0.502731	-0.313469	0.138456	-0.020039	0.217063	0.160000
0.253255	-0.489749	0.307978	0.349892	-0.007397	0.198101	0.230000
0.066406	0.000000	0.000000	0.479424	-0.014923	-0.024215	0.100000
}

Nautilus {; Nautilus shell
;Kevin Lee, Fractal Attraction
0.860671	0.401487	-0.402177	0.860992	0.108537	0.075138	0.930000
0.094957	-0.000995	0.237023	0.002036	-0.746911	0.047343	0.020000
0.150288	0.000000	0.000000	0.146854	-0.563199	0.032007	0.030000
0.324279	-0.002163	0.005846	0.001348	-0.557936	-0.139735	0.020000
}

Pine Tree {; Pine Tree
;Kevin Lee, Fractal Attraction
0.797881	0.000000	0.000000	0.833333	0.097828	0.168721	0.750000
-0.131628	-0.366787	0.399144	-0.140643	0.500098	0.180655	0.100000
0.099649	0.403824	0.408196	-0.100330	0.364628	0.157770	0.100000
0.049180	0.000000	0.000000	0.333333	0.398795	0.009695	0.050000
}

Spiral 3 {; Spiral Fun
;Kevin Lee, Fractal Attraction
0.250000	0.000000	0.000000	0.250000	0.000000	0.500000	0.073459
0.822978	-0.475000	0.474955	0.822724	0.301140	-0.173839	0.926541
}

Square Snowflake {;
; Kevin Lee, Fractal Attraction
-0.500000	0.000000	0.000000	-0.500000	1.000000	1.000000	0.330000
0.500000	0.000000	0.000000	-0.500000	0.000000	1.000000	0.330000
-0.500000	0.000000	0.000000	0.500000	1.000000	0.000000	0.340000
}

Starfish {;
;Kevin Lee, Fractal Attraction
0.250000	0.000000	0.000000	0.250000	0.000000	0.500000	0.080201
0.727742	-0.610648	0.610648	0.727742	0.416453	-0.194195	0.920000
}
Snowflake Spiral {; Snowflake Spiral                                                                                  
; Example A                                                                                         
; "Fractal Tilings in the Plane"                                                                    
; Darst, Palagallo, and Price                                                                       
; Mathematics Magazine, Feb. 1998                                                                   
; M = [ [1,1] ,  [-1,1] ]                                                                           
   0.500000 -0.500000  0.500000  0.500000  0.000000  0.000000  0.500000
   0.500000 -0.500000  0.500000  0.500000  1.000000  0.000000  0.500000
}

Horizontal Tiling {; Horizontal Tiling                                                                                 
; Example B                                                                                         
; "Fractal Tilings in the Plane"                                                                    
; Darst, Palagallo, and Price                                                                       
; Mathematics Magazine, Feb. 1998                                                                   
; M = [ [1,2] , [-1,1] ]                                                                            
   0.333333 -0.666667  0.333333  0.333333  0.000000  0.000000  0.333333
   0.333333 -0.666667  0.333333  0.333333  2.000000  0.000000  0.333333
   0.333333 -0.666667  0.333333  0.333333  1.000000  0.000000  0.333333
}

5-rep tile with symmetry {; 5-rep tile with symmetry                                                                          
; Example C                                                                                         
; "Fractal Tilings in the Plane"                                                                    
; Darst, Palagallo, and Price                                                                       
; Mathematics Magazine, Feb. 1998                                                                   
; M = [ 2,-1] , [1,2] ]                                                                             
   0.400000  0.200000 -0.200000  0.400000  0.000000  0.000000  0.200000
   0.400000  0.200000 -0.200000  0.400000  0.000000  1.000000  0.200000
   0.400000  0.200000 -0.200000  0.400000 -1.000000  0.000000  0.200000
   0.400000  0.200000 -0.200000  0.400000  0.000000 -1.000000  0.200000
   0.400000  0.200000 -0.200000  0.400000  1.000000  0.000000  0.200000
}

4-rep tile with symmetry {; 4-rep tile with symmetry                                                                          
; Example D                                                                                         
; "Fractal Tilings in the Plane"                                                                    
; Darst, Palagallo, and Price                                                                       
; Mathematics Magazine, Feb. 1998                                                                   
; M = [ [2, -2] , [2,0] ] with B = [ [1,-1/2] , [0,sqrt(3)/2] ]                                     
   0.250000  0.433025 -0.433000  0.250000  0.000000  0.000000  0.250000
   0.250000  0.433025 -0.433000  0.250000  1.000000  0.000000  0.250000
   0.250000  0.433025 -0.433000  0.250000 -0.500000  0.866000  0.250000
   0.250000  0.433025 -0.433000  0.250000 -0.500000 -0.866000  0.250000
}

Gosper Snowflake {; Gosper Snowflake                                                                                  
; Example E                                                                                         
; "Fractal Tilings in the Plane"                                                                    
; Darst, Palagallo, and Price                                                                       
; Mathematics Magazine, Feb. 1998                                                                   
; M = [ [1 -2] , [2,3] ] with B = [ [1,1/2] , [ 0,sqrt(3)/2] ]                                      
   0.285714  0.247443 -0.247429  0.285714  0.000000  0.000000  0.142857
   0.285714  0.247443 -0.247429  0.285714  0.500000  0.866000  0.142857
   0.285714  0.247443 -0.247429  0.285714 -0.500000  0.866000  0.142857
   0.285714  0.247443 -0.247429  0.285714 -1.000000  0.000000  0.142857
   0.285714  0.247443 -0.247429  0.285714 -0.500000 -0.866000  0.142857
   0.285714  0.247443 -0.247429  0.285714  0.500000 -0.866000  0.142857
   0.285714  0.247443 -0.247429  0.285714  1.000000  0.000000  0.142857
}

Terdragon {; Terdragon                                                                                         
; Example H                                                                                         
; "Fractal Tilings in the Plane"                                                                    
; Darst, Palagallo, and Price                                                                       
; Mathematics Magazine, Feb. 1998                                                                   
; M = [ [1,-1] , [1,2] ] with B = [ [1,1/2] , [0,-sqrt(3)/2] ]                                      
   0.500000  0.288684 -0.288667  0.500000  0.000000  0.000000  0.333333
   0.500000  0.288684 -0.288667  0.500000  1.000000  0.000000  0.333333
   0.500000  0.288684 -0.288667  0.500000  0.500000  0.866000  0.333333
}

4-rep tile {; 4-rep tile                                                                                        
; Example K                                                                                         
; "Fractal Tilings in the Plane"                                                                    
; Darst, Palagallo, and Price                                                                       
; Mathematics Magazine, Feb. 1998                                                                   
; M = [ [2,0] , [ 0,2] ]                                                                            
   0.500000  0.000000  0.000000  0.500000  0.000000  0.000000  0.250000
   0.500000  0.000000  0.000000  0.500000  1.000000  0.000000  0.250000
   0.500000  0.000000  0.000000  0.500000 -0.500000 -0.866000  0.250000
   0.500000  0.000000  0.000000  0.500000 -0.500000  0.866000  0.250000
}

Fractal Cross {; Fractal Cross                                                                                     
; Example 1                                                                                         
; "The Area of Fractal Tilings"                                                                     
; Breen and Palagallo                                                                               
; Pi Mu Epsilon Journal, Spring 2003                                                                
   0.400000  0.200000 -0.200000  0.400000  0.000000  0.000000  0.200000
   0.400000  0.200000 -0.200000  0.400000  0.400000 -0.200000  0.200000
   0.400000  0.200000 -0.200000  0.400000  0.200000  0.400000  0.200000
   0.400000  0.200000 -0.200000  0.400000 -0.400000  0.200000  0.200000
   0.400000  0.200000 -0.200000  0.400000 -0.200000 -0.400000  0.200000
}

b = 0.65 - 0.3 i {
   0.650000  0.300000 -0.300000  0.650000  0.000000  0.000000  0.500000
   0.650000  0.300000 -0.300000  0.650000  0.650000 -0.300000  0.500000
}

b = 0.8 + 0.2 i {
   0.800000 -0.200000  0.200000  0.800000  0.000000  0.000000  0.500000
   0.800000 -0.200000  0.200000  0.800000  0.800000  0.200000  0.500000
}

b = -0.697exp(2*pi/5) {
  -0.215409  0.662878 -0.662878 -0.215409  0.000000  0.000000  0.500000
  -0.215409  0.662878 -0.662878 -0.215409 -0.215409 -0.662878  0.500000
}

b = 0.5 + 0.5 i {
   0.500000 -0.500000  0.500000  0.500000  0.000000  0.000000  0.500000
   0.500000 -0.500000  0.500000  0.500000  0.500000  0.500000  0.500000
}

b = -0.62exp(2*pi/7) {
  -0.386563  0.484736 -0.484736 -0.386563  0.000000  0.000000  0.500000
  -0.386563  0.484736 -0.484736 -0.386563 -0.386563 -0.484736  0.500000
}

b = 0.2 + 0.6 i {
   0.200000 -0.600000  0.600000  0.200000  0.000000  0.000000  0.500000
   0.200000 -0.600000  0.600000  0.200000  0.200000  0.600000  0.500000
}

Sierpinski Triangle {
   0.500000  0.000000  0.000000  0.500000  0.000000  0.000000  0.333333
   0.500000  0.000000  0.000000  0.500000  0.500000  0.000000  0.333333
   0.500000  0.000000  0.000000  0.500000  0.250000  0.433013  0.333333
}

Modified Sierpinski Triangle {
   0.333333  0.000000  0.000000  0.333333  0.000000  0.000000  0.166667
   0.333333  0.000000  0.000000  0.333333  0.333333  0.000000  0.166667
   0.333333  0.000000  0.000000  0.333333  0.666667  0.000000  0.166667
   0.333333  0.000000  0.000000  0.333333  0.166667  0.288675  0.166667
   0.333333  0.000000  0.000000  0.333333  0.500000  0.288675  0.166667
   0.333333  0.000000  0.000000  0.333333  0.333333  0.577350  0.166667
}

Triangle with 2 rotations {
   0.333333  0.000000  0.000000  0.333333  0.000000  0.000000  0.200000
   0.333333  0.000000  0.000000  0.333333  0.666667  0.000000  0.200000
  -0.166667 -0.288675  0.288675 -0.166667  0.500000  0.291282  0.200000
  -0.166667  0.288675 -0.288675 -0.166667  0.666667  0.577350  0.200000
   0.333333  0.000000  0.000000  0.333333  0.333333  0.577350  0.200000
}

4 row triangle fractal {
   0.250000  0.000000  0.000000  0.250000  0.000000  0.000000  0.090909
   0.250000  0.000000  0.000000  0.250000  0.250000  0.000000  0.090909
  -0.250000  0.000000  0.000000 -0.250000  0.625000  0.216506  0.090909
   0.250000  0.000000  0.000000  0.250000  0.500000  0.000000  0.090909
   0.250000  0.000000  0.000000  0.250000  0.750000  0.000000  0.090909
   0.250000  0.000000  0.000000  0.250000  0.125000  0.216506  0.090909
  -0.250000  0.000000  0.000000 -0.250000  0.500000  0.433013  0.090909
  -0.250000  0.000000  0.000000 -0.250000  0.750000  0.433013  0.090909
   0.250000  0.000000  0.000000  0.250000  0.625000  0.216506  0.090909
  -0.250000  0.000000  0.000000 -0.250000  0.625000  0.649519  0.090909
   0.250000  0.000000  0.000000  0.250000  0.375000  0.649519  0.090909
}

Reflective Symmetry {
  -0.250000 -0.433013  0.433013 -0.250000  0.500000  0.000000  0.333333
  -0.500000  0.000000  0.000000 -0.500000  0.750000  0.433013  0.333333
   0.250000  0.433013  0.433013 -0.250000  0.500000  0.000000  0.333333
}

Reflective Symmetry 2 {
  -0.250000  0.433013 -0.433013 -0.250000  0.250000  0.433013  0.333333
  -0.500000  0.000000  0.000000 -0.500000  0.750000  0.433013  0.333333
  -0.250000 -0.433013  0.433013 -0.250000  1.000000  0.000000  0.333333
}

Leaf {; Paul Bourke                                                                                       
; http://paulbourke.net/fractals/                                                   
   0.000000  0.243900  0.000000  0.305300  0.000000  0.000000  0.010000
   0.724800  0.033700 -0.025300  0.742600  0.206000  0.253800  0.710544
   0.158300 -0.129700  0.355000  0.367600  0.138300  0.175000  0.137386
   0.338600  0.369400  0.222700 -0.075600  0.067900  0.082600  0.142169
}

Tree 1 {; Paul Bourke                                                                                       
; http://paulbourke.net/fractals/                                                  
   0.010000  0.000000  0.000000  0.450000  0.000000  0.000000  0.006000
  -0.010000  0.000000  0.000000 -0.450000  0.000000  0.400000  0.006297
   0.420000 -0.420000  0.420000  0.420000  0.000000  0.400000  0.493703
   0.420000  0.420000 -0.420000  0.420000  0.000000  0.400000  0.493703
}

Tree 2 {; Paul Bourke                                                                                       
; http://paulbourke.net/fractals/                                                   
   0.050000  0.000000  0.000000  0.400000 -0.060000 -0.470000  0.026000
  -0.050000  0.000000  0.000000 -0.400000 -0.060000 -0.470000  0.026399
   0.030000 -0.140000  0.000000  0.260000 -0.160000 -0.010000  0.010296
  -0.030000  0.140000  0.000000 -0.260000 -0.160000 -0.010000  0.010296
   0.560000  0.440000 -0.370000  0.510000  0.300000  0.150000  0.591869
   0.190000  0.070000 -0.010000  0.150000 -0.200000  0.280000  0.038543
  -0.330000 -0.340000 -0.330000  0.340000 -0.540000  0.390000  0.296199
}

Tree 3 {; Paul Bourke                                                                                       
; http://paulbourke.net/fractals/                                                  
   0.050000  0.000000  0.000000  0.600000  0.000000  0.000000  0.028000
   0.050000  0.000000  0.000000 -0.500000  0.000000  1.000000  0.023256
   0.459627 -0.321394  0.385673  0.383022  0.000000  0.600000  0.279070
   0.469846 -0.153909  0.171010  0.422862  0.000000  1.100000  0.209302
   0.433013  0.275000 -0.250000  0.476314  0.000000  1.000000  0.255814
   0.421325  0.257115 -0.353533  0.306418  0.000000  0.700000  0.204651
}

Mandelbrot-like {; Paul Bourke                                                                                       
; http://paulbourke.net/fractals/                                                   
   0.202000 -0.805000 -0.689000 -0.342000 -0.373000 -0.653000  0.673000
   0.138000  0.665000 -0.502000 -0.222000  0.660000 -0.277000  0.327097
}

Maple Leaf {; Paul Bourke                                                                                       
; http://paulbourke.net/fractals/                                              
   0.140000  0.010000  0.000000  0.510000 -0.080000 -1.310000  0.059000
   0.430000  0.520000 -0.450000  0.500000  1.490000 -0.750000  0.370431
   0.450000 -0.490000  0.470000  0.470000 -1.620000 -0.740000  0.364491
   0.490000  0.000000  0.000000  0.510000  0.020000  1.620000  0.206171
}

spiral {; Paul Bourke                                                                                       
; http://paulbourke.net/fractals/
   0.787879 -0.424242  0.242424  0.859848  1.758647  1.408065  0.896000
  -0.121212  0.257576  0.151515  0.053030 -6.721654  1.377236  0.052174
   0.181818 -0.136364  0.090909  0.181818  6.086107  1.568035  0.052174
}

chaos {; Paul Bourke                                                                                       
; http://paulbourke.net/fractals/
   0.000000  0.053000 -0.429000  0.000000 -7.083000  5.430000  0.093165
   0.143000  0.000000  0.000000 -0.053000 -5.619000  8.513000  0.031055
   0.143000  0.000000  0.000000  0.083000 -5.619000  2.057000  0.048633
   0.000000  0.053000  0.429000  0.000000 -3.952000  5.430000  0.093165
   0.119000  0.000000  0.000000  0.053000 -2.555000  4.536000  0.025843
  -0.012381 -0.064972  0.423819  0.001898 -1.226000  5.235000  0.112734
   0.085229  0.050633  0.420449  0.015663 -0.421000  4.569000  0.081760
   0.104432  0.005291  0.057052  0.052735  0.976000  8.113000  0.021329
  -0.008142 -0.041794  0.423922  0.004160  1.934000  5.370000  0.072457
   0.093000  0.000000  0.000000  0.053000  0.861000  4.536000  0.020197
   0.000000  0.053000 -0.429000  0.000000  2.447000  5.430000  0.093165
   0.119000  0.000000  0.000000 -0.053000  3.363000  8.513000  0.025843
   0.119000  0.000000  0.000000  0.053000  3.363000  1.487000  0.025843
   0.000000  0.053000  0.429000  0.000000  3.972000  4.569000  0.093165
   0.123998 -0.001840  0.000691  0.062973  6.275000  7.716000  0.032001
   0.000000  0.053000  0.167000  0.000000  5.215000  6.483000  0.036267
   0.071000  0.000000  0.000000  0.053000  6.279000  5.298000  0.015419
   0.000000 -0.053000 -0.238000  0.000000  6.805000  3.714000  0.051686
  -0.121000  0.000000  0.000000  0.053000  5.941000  1.487000  0.026277
}

Barnsley's fern {;                                                                                                   
; Black Spleenwort, Asplenium adiantum-nigrum                                                       
; http://www.home.aone.net/au/~byzantium/ferns/fractal.html                                         
   0.000000  0.000000  0.000000  0.160000  0.000000  0.000000  0.009901
   0.850000  0.040000 -0.040000  0.850000  0.000000  1.600000  0.765379
   0.200000 -0.260000  0.230000  0.220000  0.000000  1.600000  0.109718
  -0.150000  0.280000  0.260000  0.240000  0.000000  0.440000  0.115002
}

Barnsley's fern - modified pinnae {; Bernsley's Fern - standard image                                                                  
; Black Spleenwort, Asplenium adiantum-nigrum                                                       
; http://www.home.aone.net/au/~byzantium/ferns/fractal.html                                         
   0.000000  0.000000  0.000000  0.200000  0.000000 -0.120000  0.009901
   0.845000  0.035000 -0.035000  0.820000  0.000000  1.600000  0.753422
   0.200000 -0.310000  0.255000  0.245000  0.000000  0.290000  0.138989
  -0.150000  0.240000  0.250000  0.200000  0.000000  0.680000  0.097688
}

Culcita (=Calochlaenia) dubia {; Culcita (=Calochlaenia) dubia fern                                                                
; http://www.home.aone.net/au/~byzantium/ferns/fractal.html                                         
   0.000000  0.000000  0.000000  0.250000  0.000000 -0.140000  0.020000
   0.850000  0.020000 -0.020000  0.830000  0.000000  1.000000  0.840000
   0.090000 -0.280000  0.300000  0.110000  0.000000  0.600000  0.070000
  -0.090000  0.280000  0.300000  0.090000  0.000000  0.700000  0.070000
}

Fishbone fern {; "Fishmone" fern                                                                                   
; http://www.home.aone.net/au/~byzantium/ferns/fractal.html                                         
   0.000000  0.000000  0.000000  0.250000  0.000000 -0.400000  0.020000
   0.950000  0.002000 -0.002000  0.930000 -0.002000  0.500000  0.840000
   0.035000 -0.110000  0.270000  0.010000 -0.050000  0.005000  0.070000
  -0.040000  0.110000  0.270000  0.010000  0.047000  0.060000  0.070000
}

Cyclosorus fern {; Cyclosorus fern                                                                                   
; http://www.home.aone.net/au/~byzantium/ferns/fractal.html                                         
   0.000000  0.000000  0.000000  0.250000  0.000000 -0.400000  0.020000
   0.950000  0.005000 -0.005000  0.930000 -0.002000  0.500000  0.840000
   0.035000 -0.200000  0.160000  0.040000 -0.090000  0.020000  0.070000
  -0.040000  0.200000  0.160000  0.040000  0.083000  0.120000  0.070000
}

Z5 Symmetry {; Z5                                                                                                
  -0.500000  0.000000  0.000000 -0.500000  0.500000  0.863000  0.200000
  -0.154509  0.475528 -0.475528 -0.154509 -0.666253  0.742210  0.200000
   0.404509  0.293893 -0.293893  0.404509 -0.911767 -0.404289  0.200000
   0.404509 -0.293893  0.293893  0.404509  0.102750 -0.992074  0.200000
  -0.154509 -0.475528  0.475528 -0.154509  0.975270 -0.208847  0.200000
}

Koch curve with D4 {; based on the Koch curve using the D4 symmetry group                                                                                  
 0.333333  0.000000  0.000000  0.333333  0.000000  0.000000  0.031250
0.000000 -0.333333  0.333333 0.000000  0.000000  0.000000  0.031250
-0.333333  0.000000 0.000000 -0.333333  0.000000  0.000000  0.031250
 0.000000  0.333333 -0.333333  0.000000  0.000000  0.000000  0.031250
 0.333333  0.000000  0.000000 -0.333333  0.000000  0.000000  0.031250
0.000000  0.333333  0.333333  0.000000  0.000000  0.000000  0.031250
-0.333333 0.000000 0.000000  0.333333  0.000000  0.000000  0.031250
 0.000000 -0.333333 -0.333333 0.000000  0.000000  0.000000  0.031250
 0.166667 -0.288675  0.288675  0.166667  0.333333  0.000000  0.031250
-0.288675 -0.166667  0.166667 -0.288675 0.000000  0.333333  0.031250
-0.166667  0.288675 -0.288675 -0.166667 -0.333333 0.000000  0.031250
 0.288675  0.166667 -0.166667  0.288675  0.000000 -0.333333  0.031250
 0.166667 -0.288675 -0.288675 -0.166667  0.333333  0.000000  0.031250
 0.288675  0.166667  0.166667 -0.288675 0.000000  0.333333  0.031250
-0.166667  0.288675  0.288675  0.166667 -0.333333 0.000000  0.031250
-0.288675 -0.166667 -0.166667  0.288675  0.000000 -0.333333  0.031250
 0.166667  0.288675 -0.288675  0.166667  0.500000  0.288675  0.031250
 0.288675 -0.166667  0.166667  0.288675 -0.288675  0.500000  0.031250
-0.166667 -0.288675  0.288675 -0.166667 -0.500000 -0.288675  0.031250
-0.288675  0.166667 -0.166667 -0.288675  0.288675 -0.500000  0.031250
 0.166667  0.288675  0.288675 -0.166667  0.500000 -0.288675  0.031250
-0.288675  0.166667  0.166667  0.288675  0.288675  0.500000  0.031250
-0.166667 -0.288675 -0.288675  0.166667 -0.500000  0.288675  0.031250
 0.288675 -0.166667 -0.166667 -0.288675 -0.288675 -0.500000  0.031250
 0.333333  0.000000  0.000000  0.333333  0.666667  0.000000  0.031250
0.000000 -0.333333  0.333333 0.000000 0.000000  0.666667  0.031250
-0.333333  0.000000 0.000000 -0.333333 -0.666667 0.000000  0.031250
 0.000000  0.333333 -0.333333  0.000000  0.000000 -0.666667  0.031250
 0.333333  0.000000  0.000000 -0.333333  0.666667  0.000000  0.031250
0.000000  0.333333  0.333333  0.000000 0.000000  0.666667  0.031250
-0.333333 0.000000 0.000000  0.333333 -0.666667 0.000000  0.031250
 0.000000 -0.333333 -0.333333 0.000000  0.000000 -0.666667  0.031250
}

Hexagon with Z6 {; First affine transformation using Z6 symmetry group                                               
   0.500000  0.000000  0.000000  0.500000  0.500000  0.000000  0.166667
   0.250000 -0.433013  0.433013  0.250000  0.250000  0.433013  0.166667
  -0.250000 -0.433013  0.433013 -0.250000 -0.250000  0.433013  0.166667
  -0.500000  0.000000 0.000000 -0.500000 -0.500000 0.000000  0.166667
  -0.250000  0.433013 -0.433013 -0.250000 -0.250000 -0.433013  0.166667
   0.250000  0.433013 -0.433013  0.250000  0.250000 -0.433013  0.166667
}

Heighway with Z2 {; Based on Heighway Dragon with Z2 symmetry group                                                   
   0.500000 -0.500000  0.500000  0.500000  0.000000  0.000000  0.250000
  -0.500000  0.500000 -0.500000 -0.500000  0.000000  0.000000  0.250000
  -0.500000 -0.500000  0.500000 -0.500000  1.000000  0.000000  0.250000
   0.500000  0.500000 -0.500000  0.500000 -1.000000 0.000000  0.250000
}

Sierpinski Pentagon {; Z5                                                                                                
   0.500000  0.000000  0.000000  0.500000  0.500000  0.000000  0.200000
   0.154509 -0.475528  0.475528  0.154509  0.154509  0.475528  0.200000
  -0.404509 -0.293893  0.293893 -0.404509 -0.404509  0.293893  0.200000
  -0.404509  0.293893 -0.293893 -0.404509 -0.404509 -0.293893  0.200000
   0.154509  0.475528 -0.475528  0.154509  0.154509 -0.475528  0.200000
}

Catherine Wheel {; Z9                                                                                                
   0.400000 -0.100000 -0.350000  0.400000  0.010000  0.200000  0.111111
   0.531394 -0.333720 -0.011000  0.242139 -0.120897  0.159637  0.111111
   0.414142 -0.411288  0.333146 -0.029022 -0.195225  0.044578  0.111111
   0.103109 -0.296410  0.521410 -0.286603 -0.178205 -0.091340  0.111111
  -0.256170 -0.042839  0.465701 -0.410079 -0.077801 -0.184518  0.111111
  -0.495584  0.230777  0.192084 -0.341675  0.059007 -0.191359  0.111111
  -0.503109  0.396410 -0.171410 -0.113398  0.168205 -0.108660  0.111111
  -0.275223  0.376558 -0.454700  0.167940  0.198698  0.024882  0.111111
   0.081442  0.180511 -0.525231  0.370697  0.136218  0.146781  0.111111
}

Snowflake {; D6                                                                                                
   0.160034  0.001541  0.251165  0.477784  0.025524  0.401524  0.083333
  -0.137498 -0.413003  0.264176  0.240227 -0.334968  0.222866  0.083333
  -0.297532 -0.414544  0.013011 -0.237558 -0.360492 -0.178658  0.083333
  -0.160034 -0.001541 -0.251165 -0.477784 -0.025524 -0.401524  0.083333
   0.137498  0.413003 -0.264176 -0.240227  0.334968 -0.222866  0.083333
   0.297532  0.414544 -0.013011  0.237558  0.360492  0.178658  0.083333
   0.160034  0.001541 -0.251165 -0.477784  0.025524 -0.401524  0.083333
   0.297532  0.414544  0.013011 -0.237558  0.360492 -0.178658  0.083333
   0.137498  0.413003  0.264176  0.240227  0.334968  0.222866  0.083333
  -0.160034 -0.001541  0.251165  0.477784 -0.025524  0.401524  0.083333
  -0.297532 -0.414544 -0.013011  0.237558 -0.360492  0.178658  0.083333
  -0.137498 -0.413003 -0.264176 -0.240227 -0.334968 -0.222866  0.083333
}

Astigmatism {; D4                                                                                                
  -0.250000 -0.300000  0.300000 -0.340000  0.500000  0.500000  0.125000
  -0.300000  0.340000 -0.250000 -0.300000 -0.500000  0.500000  0.125000
   0.250000  0.300000 -0.300000  0.340000 -0.500000 -0.500000  0.125000
   0.300000 -0.340000  0.250000  0.300000  0.500000 -0.500000  0.125000
  -0.250000 -0.300000 -0.300000  0.340000  0.500000 -0.500000  0.125000
   0.300000 -0.340000 -0.250000 -0.300000  0.500000  0.500000  0.125000
   0.250000  0.300000  0.300000 -0.340000 -0.500000  0.500000  0.125000
  -0.300000  0.340000  0.250000  0.300000 -0.500000 -0.500000  0.125000
}

Cashmere {; Z50                                                                                               
  -0.150000  0.750000  0.200000 -0.300000  0.075000  0.400000  0.020000
  -0.173884  0.781686  0.179623 -0.203635  0.024275  0.406246  0.020000
  -0.195026  0.801044  0.156413 -0.104058 -0.026832  0.406085  0.020000
  -0.213091  0.807770  0.130737 -0.002840 -0.077517  0.399520  0.020000
  -0.227797  0.801756  0.102998  0.098423 -0.126979  0.386654  0.020000
  -0.238910  0.783098  0.073636  0.198134 -0.174438  0.367691  0.020000
  -0.246255  0.752091  0.043112  0.294720 -0.219146  0.342929  0.020000
  -0.249716  0.709222  0.011908  0.386658 -0.260399  0.312758  0.020000
  -0.249240  0.655169 -0.019484  0.472498 -0.297544  0.277655  0.020000
  -0.244832  0.590783 -0.050568  0.550887 -0.329997  0.238174  0.020000
  -0.236564  0.517080 -0.080855  0.620587 -0.357246  0.194936  0.020000
  -0.224565  0.435222 -0.109867  0.680501 -0.378861  0.148624  0.020000
  -0.209024  0.346501 -0.137146  0.729683 -0.394501  0.099968  0.020000
  -0.190187  0.252315 -0.162262  0.767357 -0.403920  0.049736  0.020000
  -0.168350  0.154150 -0.184819  0.792930 -0.406969 -0.001281  0.020000
  -0.143859  0.053554 -0.204462  0.805998 -0.403599 -0.052278  0.020000
  -0.117099 -0.047886 -0.220880  0.806354 -0.393864 -0.102450  0.020000
  -0.088492 -0.148572 -0.233815  0.793994 -0.377918 -0.151006  0.020000
  -0.058489 -0.246914 -0.243062  0.769112 -0.356012 -0.197181  0.020000
  -0.027564 -0.341362 -0.248476  0.732101 -0.328492 -0.240246  0.020000
   0.003796 -0.430427 -0.249971  0.683544 -0.295790 -0.279523  0.020000
   0.035095 -0.512704 -0.247524  0.624207 -0.258425 -0.314391  0.020000
   0.065842 -0.586895 -0.241174  0.555026 -0.216983 -0.344301  0.020000
   0.095550 -0.651830 -0.231020  0.477092 -0.172120 -0.368782  0.020000
   0.123751 -0.706486 -0.217223  0.391634 -0.124542 -0.387446  0.020000
   0.150000 -0.750000 -0.200000  0.300000 -0.075000 -0.400000  0.020000
   0.173884 -0.781686 -0.179623  0.203635 -0.024275 -0.406246  0.020000
   0.195026 -0.801044 -0.156413  0.104058  0.026832 -0.406085  0.020000
   0.213091 -0.807770 -0.130737  0.002840  0.077517 -0.399520  0.020000
   0.227797 -0.801756 -0.102998 -0.098423  0.126979 -0.386654  0.020000
   0.238910 -0.783098 -0.073636 -0.198134  0.174438 -0.367691  0.020000
   0.246255 -0.752091 -0.043112 -0.294720  0.219146 -0.342929  0.020000
   0.249716 -0.709222 -0.011908 -0.386658  0.260399 -0.312758  0.020000
   0.249240 -0.655169  0.019484 -0.472498  0.297544 -0.277655  0.020000
   0.244832 -0.590783  0.050568 -0.550887  0.329997 -0.238174  0.020000
   0.236564 -0.517080  0.080855 -0.620587  0.357246 -0.194936  0.020000
   0.224565 -0.435222  0.109867 -0.680501  0.378861 -0.148624  0.020000
   0.209024 -0.346501  0.137146 -0.729683  0.394501 -0.099968  0.020000
   0.190187 -0.252315  0.162262 -0.767357  0.403920 -0.049736  0.020000
   0.168350 -0.154150  0.184819 -0.792930  0.406969  0.001281  0.020000
   0.143859 -0.053554  0.204462 -0.805998  0.403599  0.052278  0.020000
   0.117099  0.047886  0.220880 -0.806354  0.393864  0.102450  0.020000
   0.088492  0.148572  0.233815 -0.793994  0.377918  0.151006  0.020000
   0.058489  0.246914  0.243062 -0.769112  0.356012  0.197181  0.020000
   0.027564  0.341362  0.248476 -0.732101  0.328492  0.240246  0.020000
  -0.003796  0.430427  0.249971 -0.683544  0.295790  0.279523  0.020000
  -0.035095  0.512704  0.247524 -0.624207  0.258425  0.314391  0.020000
  -0.065842  0.586895  0.241174 -0.555026  0.216983  0.344301  0.020000
  -0.095550  0.651830  0.231020 -0.477092  0.172120  0.368782  0.020000
  -0.123751  0.706486  0.217223 -0.391634  0.124542  0.387446  0.020000
}

Fifty Nations {; D50                                                                                               
   0.030804  0.274001  0.125599  0.396807  0.022650  0.181000  0.010000
   0.014819  0.222107  0.128469  0.428020 -0.000214  0.182412  0.010000
  -0.001399  0.166711  0.129314  0.452482 -0.023074  0.180946  0.010000
  -0.017595  0.108685  0.128119  0.469808 -0.045571  0.176628  0.010000
  -0.033514  0.048946  0.124903  0.479726 -0.067349  0.169523  0.010000
  -0.048904 -0.011566  0.119718  0.482077 -0.088065  0.159745  0.010000
  -0.063523 -0.071895  0.112645  0.476826 -0.107392  0.147448  0.010000
  -0.077140 -0.131090  0.103795  0.464056 -0.125025  0.132826  0.010000
  -0.089541 -0.188218  0.093308  0.443967 -0.140687  0.116109  0.010000
  -0.100530 -0.242378  0.081350  0.416876 -0.154130  0.097560  0.010000
  -0.109933 -0.292715  0.068109  0.383211 -0.165142  0.077474  0.010000
  -0.117602 -0.338436  0.053793  0.343502 -0.173550  0.056165  0.010000
  -0.123417 -0.378819  0.038630  0.298376 -0.179221  0.033970  0.010000
  -0.127285 -0.413229  0.022857  0.248545 -0.182065  0.011240  0.010000
  -0.129146 -0.441121  0.006723  0.194794 -0.182038 -0.011667  0.010000
  -0.128971 -0.462057 -0.009516  0.137970 -0.179141 -0.034391  0.010000
  -0.126761 -0.475706 -0.025605  0.078971 -0.173418 -0.056572  0.010000
  -0.122552 -0.481852 -0.041291  0.018727 -0.164960 -0.077861  0.010000
  -0.116411 -0.480400 -0.056325 -0.041813 -0.153901 -0.097922  0.010000
  -0.108434 -0.471371 -0.070471 -0.101693 -0.140414 -0.116438  0.010000
  -0.098746 -0.454909 -0.083506 -0.159970 -0.124713 -0.133119  0.010000
  -0.087502 -0.431272 -0.095223 -0.215724 -0.107046 -0.147700  0.010000
  -0.074877 -0.400834 -0.105439 -0.268075 -0.087690 -0.159952  0.010000
  -0.061071 -0.364075 -0.113992 -0.316199 -0.066951 -0.169681  0.010000
  -0.046303 -0.321574 -0.120748 -0.359337 -0.045157 -0.176734  0.010000
  -0.030804 -0.274001 -0.125599 -0.396807 -0.022650 -0.181000  0.010000
  -0.014819 -0.222107 -0.128469 -0.428020  0.000214 -0.182412  0.010000
   0.001399 -0.166711 -0.129314 -0.452482  0.023074 -0.180946  0.010000
   0.017595 -0.108685 -0.128119 -0.469808  0.045571 -0.176628  0.010000
   0.033514 -0.048946 -0.124903 -0.479726  0.067349 -0.169523  0.010000
   0.048904  0.011566 -0.119718 -0.482077  0.088065 -0.159745  0.010000
   0.063523  0.071895 -0.112645 -0.476826  0.107392 -0.147448  0.010000
   0.077140  0.131090 -0.103795 -0.464056  0.125025 -0.132826  0.010000
   0.089541  0.188218 -0.093308 -0.443967  0.140687 -0.116109  0.010000
   0.100530  0.242378 -0.081350 -0.416876  0.154130 -0.097560  0.010000
   0.109933  0.292715 -0.068109 -0.383211  0.165142 -0.077474  0.010000
   0.117602  0.338436 -0.053793 -0.343502  0.173550 -0.056165  0.010000
   0.123417  0.378819 -0.038630 -0.298376  0.179221 -0.033970  0.010000
   0.127285  0.413229 -0.022857 -0.248545  0.182065 -0.011240  0.010000
   0.129146  0.441121 -0.006723 -0.194794  0.182038  0.011667  0.010000
   0.128971  0.462057  0.009516 -0.137970  0.179141  0.034391  0.010000
   0.126761  0.475706  0.025605 -0.078971  0.173418  0.056572  0.010000
   0.122552  0.481852  0.041291 -0.018727  0.164960  0.077861  0.010000
   0.116411  0.480400  0.056325  0.041813  0.153901  0.097922  0.010000
   0.108434  0.471371  0.070471  0.101693  0.140414  0.116438  0.010000
   0.098746  0.454909  0.083506  0.159970  0.124713  0.133119  0.010000
   0.087502  0.431272  0.095223  0.215724  0.107046  0.147700  0.010000
   0.074877  0.400834  0.105439  0.268075  0.087690  0.159952  0.010000
   0.061071  0.364075  0.113992  0.316199  0.066951  0.169681  0.010000
   0.046303  0.321574  0.120748  0.359337  0.045157  0.176734  0.010000
   0.030804  0.274001 -0.125599 -0.396807  0.022650 -0.181000  0.010000
   0.046303  0.321574 -0.120748 -0.359337  0.045157 -0.176734  0.010000
   0.061071  0.364075 -0.113992 -0.316199  0.066951 -0.169681  0.010000
   0.074877  0.400834 -0.105439 -0.268075  0.087690 -0.159952  0.010000
   0.087502  0.431272 -0.095223 -0.215724  0.107046 -0.147700  0.010000
   0.098746  0.454909 -0.083506 -0.159970  0.124713 -0.133119  0.010000
   0.108434  0.471371 -0.070471 -0.101693  0.140414 -0.116438  0.010000
   0.116411  0.480400 -0.056325 -0.041813  0.153901 -0.097922  0.010000
   0.122552  0.481852 -0.041291  0.018727  0.164960 -0.077861  0.010000
   0.126761  0.475706 -0.025605  0.078971  0.173418 -0.056572  0.010000
   0.128971  0.462057 -0.009516  0.137970  0.179141 -0.034391  0.010000
   0.129146  0.441121  0.006723  0.194794  0.182038 -0.011667  0.010000
   0.127285  0.413229  0.022857  0.248545  0.182065  0.011240  0.010000
   0.123417  0.378819  0.038630  0.298376  0.179221  0.033970  0.010000
   0.117602  0.338436  0.053793  0.343502  0.173550  0.056165  0.010000
   0.109933  0.292715  0.068109  0.383211  0.165142  0.077474  0.010000
   0.100530  0.242378  0.081350  0.416876  0.154130  0.097560  0.010000
   0.089541  0.188218  0.093308  0.443967  0.140687  0.116109  0.010000
   0.077140  0.131090  0.103795  0.464056  0.125025  0.132826  0.010000
   0.063523  0.071895  0.112645  0.476826  0.107392  0.147448  0.010000
   0.048904  0.011566  0.119718  0.482077  0.088065  0.159745  0.010000
   0.033514 -0.048946  0.124903  0.479726  0.067349  0.169523  0.010000
   0.017595 -0.108685  0.128119  0.469808  0.045571  0.176628  0.010000
   0.001399 -0.166711  0.129314  0.452482  0.023074  0.180946  0.010000
  -0.014819 -0.222107  0.128469  0.428020  0.000214  0.182412  0.010000
  -0.030804 -0.274001  0.125599  0.396807 -0.022650  0.181000  0.010000
  -0.046303 -0.321574  0.120748  0.359337 -0.045157  0.176734  0.010000
  -0.061071 -0.364075  0.113992  0.316199 -0.066951  0.169681  0.010000
  -0.074877 -0.400834  0.105439  0.268075 -0.087690  0.159952  0.010000
  -0.087502 -0.431272  0.095223  0.215724 -0.107046  0.147700  0.010000
  -0.098746 -0.454909  0.083506  0.159970 -0.124713  0.133119  0.010000
  -0.108434 -0.471371  0.070471  0.101693 -0.140414  0.116438  0.010000
  -0.116411 -0.480400  0.056325  0.041813 -0.153901  0.097922  0.010000
  -0.122552 -0.481852  0.041291 -0.018727 -0.164960  0.077861  0.010000
  -0.126761 -0.475706  0.025605 -0.078971 -0.173418  0.056572  0.010000
  -0.128971 -0.462057  0.009516 -0.137970 -0.179141  0.034391  0.010000
  -0.129146 -0.441121 -0.006723 -0.194794 -0.182038  0.011667  0.010000
  -0.127285 -0.413229 -0.022857 -0.248545 -0.182065 -0.011240  0.010000
  -0.123417 -0.378819 -0.038630 -0.298376 -0.179221 -0.033970  0.010000
  -0.117602 -0.338436 -0.053793 -0.343502 -0.173550 -0.056165  0.010000
  -0.109933 -0.292715 -0.068109 -0.383211 -0.165142 -0.077474  0.010000
  -0.100530 -0.242378 -0.081350 -0.416876 -0.154130 -0.097560  0.010000
  -0.089541 -0.188218 -0.093308 -0.443967 -0.140687 -0.116109  0.010000
  -0.077140 -0.131090 -0.103795 -0.464056 -0.125025 -0.132826  0.010000
  -0.063523 -0.071895 -0.112645 -0.476826 -0.107392 -0.147448  0.010000
  -0.048904 -0.011566 -0.119718 -0.482077 -0.088065 -0.159745  0.010000
  -0.033514  0.048946 -0.124903 -0.479726 -0.067349 -0.169523  0.010000
  -0.017595  0.108685 -0.128119 -0.469808 -0.045571 -0.176628  0.010000
  -0.001399  0.166711 -0.129314 -0.452482 -0.023074 -0.180946  0.010000
   0.014819  0.222107 -0.128469 -0.428020 -0.000214 -0.182412  0.010000
}

Doily {; D8                                                                                                
  -0.250000 -0.300000  0.300000 -0.260000  0.500000  0.500000  0.062500
  -0.388909 -0.028284  0.035355 -0.395980 0.000000  0.707107  0.062500
  -0.300000  0.260000 -0.250000 -0.300000 -0.500000  0.500000  0.062500
  -0.035355  0.395980 -0.388909 -0.028284 -0.707107 0.000000  0.062500
   0.250000  0.300000 -0.300000  0.260000 -0.500000 -0.500000  0.062500
   0.388909  0.028284 -0.035355  0.395980  0.000000 -0.707107  0.062500
   0.300000 -0.260000  0.250000  0.300000  0.500000 -0.500000  0.062500
   0.035355 -0.395980  0.388909  0.028284  0.707107  0.000000  0.062500
  -0.250000 -0.300000 -0.300000  0.260000  0.500000 -0.500000  0.062500
   0.035355 -0.395980 -0.388909 -0.028284  0.707107  0.000000  0.062500
   0.300000 -0.260000 -0.250000 -0.300000  0.500000  0.500000  0.062500
   0.388909  0.028284  0.035355 -0.395980 0.000000  0.707107  0.062500
   0.250000  0.300000  0.300000 -0.260000 -0.500000  0.500000  0.062500
  -0.035355  0.395980  0.388909  0.028284 -0.707107 0.000000  0.062500
  -0.300000  0.260000  0.250000  0.300000 -0.500000 -0.500000  0.062500
  -0.388909 -0.028284 -0.035355  0.395980  0.000000 -0.707107  0.062500
}

Koch Curve (4, 1/3) {
   0.333333  0.000000  0.000000  0.333333  0.000000  0.000000  0.200000
  0.000000 -0.333333  0.333333 0.000000  0.333333  0.000000  0.200000
   0.333333  0.000000  0.000000  0.333333  0.333333  0.333333  0.200000
  0.000000  0.333333 -0.333333 0.000000  0.666667  0.333333  0.200000
   0.333333  0.000000  0.000000  0.333333  0.666667  0.000000  0.200000
}

Koch Curve (7, 1/5) {
   0.400000  0.000000  0.000000  0.400000  0.000000  0.000000  0.285713
  -0.124698 -0.156366  0.156366 -0.124698  0.400000  0.000000  0.071429
   0.044504 -0.194986  0.194986  0.044504  0.275302  0.156366  0.071429
   0.180194 -0.086777  0.086777  0.180194  0.319806  0.351352  0.071429
   0.180194  0.086777 -0.086777  0.180194  0.500000  0.438129  0.071429
   0.044504  0.194986 -0.194986  0.044504  0.680194  0.351352  0.071429
  -0.124698  0.156366 -0.156366 -0.124698  0.724698  0.156366  0.071429
   0.400000  0.000000  0.000000  0.400000  0.600000  0.000000  0.285713
}

Koch Curve (10, 0.20000) {
   0.400000  0.000000  0.000000  0.400000  0.000000  0.000000  0.235293
  -0.161803 -0.117557  0.117557 -0.161803  0.400000  0.000000  0.058824
  -0.061803 -0.190211  0.190211 -0.061803  0.238197  0.117557  0.058824
   0.061803 -0.190211  0.190211  0.061803  0.176393  0.307768  0.058824
   0.161803 -0.117557  0.117557  0.161803  0.238197  0.497980  0.058824
   0.200000 0.000000  0.000000  0.200000  0.400000  0.615537  0.058824
   0.161803  0.117557 -0.117557  0.161803  0.600000  0.615537  0.058824
   0.061803  0.190211 -0.190211  0.061803  0.761803  0.497980  0.058824
  -0.061803  0.190211 -0.190211 -0.061803  0.823607  0.307768  0.058824
  -0.161803  0.117557 -0.117557 -0.161803  0.761803  0.117557  0.058824
   0.400000  0.000000  0.000000  0.400000  0.600000  0.000000  0.235293
}

Koch Curve (7, 0.15000) {
   0.425000  0.000000  0.000000  0.425000  0.000000  0.000000  0.363980
  -0.093523 -0.117275  0.117275 -0.093523  0.425000  0.000000  0.045340
   0.033378 -0.146239  0.146239  0.033378  0.331477  0.117275  0.045340
   0.135145 -0.065083  0.065083  0.135145  0.364855  0.263514  0.045340
   0.135145  0.065083 -0.065083  0.135145  0.500000  0.328597  0.045340
   0.033378  0.146239 -0.146239  0.033378  0.635145  0.263514  0.045340
  -0.093523  0.117275 -0.117275 -0.093523  0.668524  0.117275  0.045340
   0.425000  0.000000  0.000000  0.425000  0.575000  0.000000  0.363980
}

Heighway {; Heighway Dragon                                                     
; Edgar, "Measure, Topology, and Fractal Geometry"                    
; Page 19                                                             
; Discovered by physicist John Heighway                               
   0.500000 -0.500000  0.500000  0.500000  0.000000  0.000000  0.500000
  -0.500000 -0.500000  0.500000 -0.500000  1.000000  0.000000  0.500000
}

Fudge Dragon {; Fudge Dragon                                                        
; Edgar, "Measure, Topology, and Fractal Geometry"                    
; Page 22                                                             
; For best results, start with the unit line as the                   
; initial polygon and use the deterministic algorithm.                
; 3 copies of this curve, joined in an equilateral                    
; triangle, form a fudgeflake.                                        
   0.500000  0.288675 -0.288675  0.500000  0.000000  0.000000  0.500000
  -0.500000  0.288675 -0.288675 -0.500000  1.000000  0.000000  0.500000
}

Twin Dragon {; Twin Dragon                                                         
; Edgar, "Measure, Topology, and Fractal Geometry"                    
; Page 30                                                             
; Made of two copies of Heighway's dragon                             
   0.500000 -0.500000  0.500000  0.500000  0.000000  0.000000 
   0.500000 -0.500000  0.500000  0.500000 -0.500000 -0.500000 
}

Levy {; Levy Dragon
; Edgar, "Measure, Topology, and Fractal Geometry"                                                                       
   0.5 -0.5  0.5  0.5  0  0 
   0.5  0.5 -0.5  0.5  0.5  0.5 
}

Sierpinski Triangle 1 {; The traditional Sierpinski Gasket                                   
; Edgar, "Measure, Topology, and Fractal Geometry"                    
; Page 7                                                              
   0.500000  0.000000  0.000000  0.500000  0.000000  0.000000 
   0.500000  0.000000  0.000000  0.500000  0.500000  0.000000 
   0.500000  0.000000  0.000000  0.500000  0.250000  0.433000 
}

Sierpinski Triangle 2 {; Sierpinski Dragon                                                   
; Edgar, "Measure, Topology, and Fractal Geometry"                    
; Page 23                                                             
; This gives the Sierpinski Triangle as a dragon curve.               
; For best results, start with the unit line as the                   
; initial polygon and use the deterministic algorithm.                
  -0.250000  0.433000 -0.433000 -0.250000  0.250000  0.433000 
   0.500000  0.000000  0.000000  0.500000  0.250000  0.433000 
  -0.250000 -0.433000  0.433000 -0.250000  1.000000  0.000000 
}

Koch Curve {; Koch Curve                                                          
; Edgar, "Measure, Topology, and Fractal Geometry"                    
; Page 18                                                             
; For best results, start with the unit line as the                   
; initial polygon and use the deterministic algorithm.                
   0.333000  0.000000  0.000000  0.333000  0.000000  0.000000 
   0.167000 -0.289000  0.289000  0.167000  0.333000  0.000000 
   0.167000  0.289000 -0.289000  0.167000  0.500000  0.289000 
   0.333000  0.000000  0.000000  0.333000  0.667000  0.000000 
}

Pentigree {; McWorter's Pentigree Dragon                                         
; Edgar, "Measure, Topology, and Fractal Geometry"                    
; Page 24                                                             
; For best results, start with the unit line as the                   
; initial polygon and use the deterministic algorithm.                
   0.309045 -0.224534  0.224534  0.309000  0.000000  0.000000  0.166667
  -0.118045 -0.363304  0.363304 -0.118045  0.309000  0.225000  0.166667
   0.309045  0.224534 -0.224534  0.309045  0.191000  0.588000  0.166667
  -0.118045  0.363304 -0.363304 -0.118045  0.500000  0.363000  0.166667
   0.309045  0.224534 -0.224534  0.309045  0.382000  0.000000  0.166667
   0.309045 -0.224534  0.224534  0.309045  0.691000 -0.225000  0.166665
}

Pentadentrite {; Pentadentrite                                                       
; Edgar, "Measure, Topology, and Fractal Geometry"                    
; Page 164                                                            
; Variation of the McWorter's pentigree dragon                        
; For best results, start with the unit line as the                   
; initial polygon and use the deterministic algorithm.                
   0.340621 -0.071275  0.071284  0.340623  0.000000  0.000000  0.166667
   0.037463 -0.345977  0.345978  0.037471  0.341000  0.071000  0.166667
   0.340621 -0.071275  0.071284  0.340623  0.379000  0.418000  0.166667
  -0.233669  0.257876 -0.257882 -0.233675  0.720000  0.489000  0.166667
   0.173052  0.301926 -0.301922  0.173045  0.486000  0.231000  0.166667
   0.340621 -0.071275  0.071284  0.340623  0.659000 -0.071000  0.166665
}

Eisenstein {; Eisenstein fractions                                                
; Edgar, "Measure, Topology, and Fractal Geometry"                    
; Page 31 and 32                                                      
; Based upon the "Eisenstein number system"                           
  -0.500000  0.000000  0.000000 -0.500000  0.000000  0.000000  0.250000
  -0.500000  0.000000  0.000000 -0.500000 -0.500000  0.000000  0.250000
  -0.500000  0.000000  0.000000 -0.500000  0.250000 -0.433000  0.250000
  -0.500000  0.000000  0.000000 -0.500000  0.250000  0.433000  0.250000
}

Barnsley's Wreath {; Barnsley's Wreath                                                     
; Edgar, "Measure, Topology, and Fractal Geometry"                    
; Page 78 (For a picture)                                             
; See Edgar's article "A Fractal Puzzle" in                           
; "Mathematical Intelligencer", 1991, 13:44-50                        
  -0.500000  0.000000  0.000000 -0.500000  0.500000  0.863000  0.166667
  -0.500000  0.000000  0.000000 -0.500000  1.250000  1.300000  0.166667
  -0.500000  0.000000  0.000000 -0.500000  0.500000  1.730000  0.166667
  -0.250000  0.000000  0.000000 -0.250000  0.750000  0.866000  0.166667
  -0.250000  0.000000  0.000000 -0.250000  0.750000  1.300000  0.166667
  -0.250000  0.000000  0.000000 -0.250000  0.375000  1.080000  0.166665
}

Heighway {; Heighway Dragon                                                     
; Edgar, "Measure, Topology, and Fractal Geometry"                    
; Page 19                                                             
; Discovered by physicist John Heighway                               
   0.500000 -0.500000  0.500000  0.500000  0.000000  0.000000  0.500000
  -0.500000 -0.500000  0.500000 -0.500000  1.000000  0.000000  0.500000
}

Fudge Dragon {; Fudge Dragon                                                        
; Edgar, "Measure, Topology, and Fractal Geometry"                    
; Page 22                                                             
; For best results, start with the unit line as the                   
; initial polygon and use the deterministic algorithm.                
; 3 copies of this curve, joined in an equilateral                    
; triangle, form a fudgeflake.                                        
   0.500000  0.288675 -0.288675  0.500000  0.000000  0.000000  0.500000
  -0.500000  0.288675 -0.288675 -0.500000  1.000000  0.000000  0.500000
}

Twin Dragon {; Twin Dragon                                                         
; Edgar, "Measure, Topology, and Fractal Geometry"                    
; Page 30                                                             
; Made of two copies of Heighway's dragon                             
   0.500000 -0.500000  0.500000  0.500000  0.000000  0.000000 
   0.500000 -0.500000  0.500000  0.500000 -0.500000 -0.500000 
}

Levy {; Levy Dragon
; Edgar, "Measure, Topology, and Fractal Geometry"                                                                       
   0.5 -0.5  0.5  0.5  0  0 
   0.5  0.5 -0.5  0.5  0.5  0.5 
}

Sierpinski Triangle 1 {; The traditional Sierpinski Gasket                                   
; Edgar, "Measure, Topology, and Fractal Geometry"                    
; Page 7                                                              
   0.500000  0.000000  0.000000  0.500000  0.000000  0.000000 
   0.500000  0.000000  0.000000  0.500000  0.500000  0.000000 
   0.500000  0.000000  0.000000  0.500000  0.250000  0.433000 
}

Sierpinski Triangle 2 {; Sierpinski Dragon                                                   
; Edgar, "Measure, Topology, and Fractal Geometry"                    
; Page 23                                                             
; This gives the Sierpinski Triangle as a dragon curve.               
; For best results, start with the unit line as the                   
; initial polygon and use the deterministic algorithm.                
  -0.250000  0.433000 -0.433000 -0.250000  0.250000  0.433000 
   0.500000  0.000000  0.000000  0.500000  0.250000  0.433000 
  -0.250000 -0.433000  0.433000 -0.250000  1.000000  0.000000 
}

Koch Curve {; Koch Curve                                                          
; Edgar, "Measure, Topology, and Fractal Geometry"                    
; Page 18                                                             
; For best results, start with the unit line as the                   
; initial polygon and use the deterministic algorithm.                
   0.333000  0.000000  0.000000  0.333000  0.000000  0.000000 
   0.167000 -0.289000  0.289000  0.167000  0.333000  0.000000 
   0.167000  0.289000 -0.289000  0.167000  0.500000  0.289000 
   0.333000  0.000000  0.000000  0.333000  0.667000  0.000000 
}

Pentigree {; McWorter's Pentigree Dragon                                         
; Edgar, "Measure, Topology, and Fractal Geometry"                    
; Page 24                                                             
; For best results, start with the unit line as the                   
; initial polygon and use the deterministic algorithm.                
   0.309045 -0.224534  0.224534  0.309000  0.000000  0.000000  0.166667
  -0.118045 -0.363304  0.363304 -0.118045  0.309000  0.225000  0.166667
   0.309045  0.224534 -0.224534  0.309045  0.191000  0.588000  0.166667
  -0.118045  0.363304 -0.363304 -0.118045  0.500000  0.363000  0.166667
   0.309045  0.224534 -0.224534  0.309045  0.382000  0.000000  0.166667
   0.309045 -0.224534  0.224534  0.309045  0.691000 -0.225000  0.166665
}

Pentadentrite {; Pentadentrite                                                       
; Edgar, "Measure, Topology, and Fractal Geometry"                    
; Page 164                                                            
; Variation of the McWorter's pentigree dragon                        
; For best results, start with the unit line as the                   
; initial polygon and use the deterministic algorithm.                
   0.340621 -0.071275  0.071284  0.340623  0.000000  0.000000  0.166667
   0.037463 -0.345977  0.345978  0.037471  0.341000  0.071000  0.166667
   0.340621 -0.071275  0.071284  0.340623  0.379000  0.418000  0.166667
  -0.233669  0.257876 -0.257882 -0.233675  0.720000  0.489000  0.166667
   0.173052  0.301926 -0.301922  0.173045  0.486000  0.231000  0.166667
   0.340621 -0.071275  0.071284  0.340623  0.659000 -0.071000  0.166665
}

Eisenstein {; Eisenstein fractions                                                
; Edgar, "Measure, Topology, and Fractal Geometry"                    
; Page 31 and 32                                                      
; Based upon the "Eisenstein number system"                           
  -0.500000  0.000000  0.000000 -0.500000  0.000000  0.000000  0.250000
  -0.500000  0.000000  0.000000 -0.500000 -0.500000  0.000000  0.250000
  -0.500000  0.000000  0.000000 -0.500000  0.250000 -0.433000  0.250000
  -0.500000  0.000000  0.000000 -0.500000  0.250000  0.433000  0.250000
}

Barnsley's Wreath {; Barnsley's Wreath                                                     
; Edgar, "Measure, Topology, and Fractal Geometry"                    
; Page 78 (For a picture)                                             
; See Edgar's article "A Fractal Puzzle" in                           
; "Mathematical Intelligencer", 1991, 13:44-50                        
  -0.500000  0.000000  0.000000 -0.500000  0.500000  0.863000  0.166667
  -0.500000  0.000000  0.000000 -0.500000  1.250000  1.300000  0.166667
  -0.500000  0.000000  0.000000 -0.500000  0.500000  1.730000  0.166667
  -0.250000  0.000000  0.000000 -0.250000  0.750000  0.866000  0.166667
  -0.250000  0.000000  0.000000 -0.250000  0.750000  1.300000  0.166667
  -0.250000  0.000000  0.000000 -0.250000  0.375000  1.080000  0.166665
}

